23
40
9 3 13 25 6 16 20 2 18 22 1 10 3 13 7 25 8 24 20 23 19 15 7 6 9 20 13 12 1 12 11 6 19 12 17 12 14 11 7 10 
40
2 17 23 22 3 3 10 25 11 25 5 12 8 5 6 19 3 13 24 11 8 15 7 7 25 11 24 9 8 16 3 16 19 10 10 8 15 15 20 3 
40
14 10 25 10 15 2 18 10 15 4 6 18 25 6 1 5 2 14 6 3 15 8 24 24 15 16 16 18 2 10 7 25 17 14 18 11 13 7 25 15 
40
15 16 22 7 1 22 12 22 9 14 24 13 11 23 7 25 14 10 18 24 11 10 15 11 4 12 13 12 20 3 22 15 9 11 4 16 17 19 12 19 
40
2 14 13 6 21 5 8 22 1 12 2 22 3 12 2 2 2 23 3 5 24 19 15 24 6 10 3 10 15 12 13 5 11 9 20 9 18 12 1 20 
40
16 24 3 18 6 5 8 16 25 1 10 9 8 15 3 6 15 9 7 17 20 11 5 13 8 19 8 21 11 15 21 11 18 23 10 7 17 19 3 9 
40
6 3 5 22 12 13 19 13 9 20 3 24 5 14 6 13 18 1 17 21 11 5 3 25 4 10 7 13 9 18 22 16 13 12 2 4 12 10 18 12 
40
8 6 20 18 9 14 20 17 6 2 19 20 5 13 20 14 24 19 7 12 4 2 17 23 16 9 12 19 19 8 9 17 3 11 8 25 16 18 17 25 
40
16 10 2 19 5 17 24 7 14 9 15 22 15 2 9 23 3 6 1 18 11 15 19 17 20 3 7 4 6 22 20 11 2 12 1 12 16 18 5 19 
40
5 15 1 17 8 1 1 3 22 21 22 24 16 6 6 4 2 6 21 17 11 9 16 13 16 24 7 20 1 24 14 24 15 25 14 14 8 24 5 18 
40
18 23 6 14 19 25 6 25 19 4 13 6 11 7 23 21 23 20 2 16 23 18 25 3 6 5 15 8 21 5 21 21 4 6 22 19 9 15 21 8 
40
15 14 3 11 24 15 23 24 2 7 3 23 3 16 11 23 19 5 19 9 6 15 18 15 13 23 16 13 22 8 21 17 24 21 12 15 23 22 18 5 
40
17 19 22 12 21 14 3 3 3 13 16 22 10 11 6 2 8 2 20 10 12 11 16 19 9 11 2 19 7 4 6 1 8 1 19 1 13 22 7 19 
40
12 9 14 24 1 12 20 14 6 24 11 24 13 5 17 15 6 6 25 19 14 6 5 15 2 17 4 3 2 25 7 12 1 3 9 9 24 13 7 15 
40
16 16 7 7 14 19 16 25 18 24 16 16 7 13 16 24 11 23 8 1 6 3 2 11 14 23 5 14 16 13 1 7 17 10 8 19 19 23 5 18 
40
6 1 20 6 13 2 22 7 8 13 10 12 14 16 25 12 9 9 25 20 10 6 10 22 21 21 11 14 10 12 23 25 9 9 14 2 24 23 4 23 
40
7 21 10 12 25 3 4 21 25 16 16 25 20 18 9 10 23 12 23 23 22 7 6 19 6 11 9 1 3 8 3 1 17 20 19 13 17 5 23 5 
40
20 3 12 12 18 10 10 11 2 4 22 6 3 9 7 24 22 20 22 11 13 25 18 2 16 22 20 12 22 10 4 20 10 13 18 3 3 4 7 3 
40
18 7 24 13 25 21 9 15 22 6 25 16 25 22 24 9 16 20 3 7 10 12 22 9 18 13 20 21 21 14 11 14 10 9 20 10 3 13 10 11 
40
2 16 2 8 23 12 11 6 9 20 7 4 4 22 21 4 8 19 4 23 10 12 20 18 12 23 6 24 9 16 24 6 22 13 7 3 19 12 2 19 
40
5 19 14 22 16 11 25 24 12 25 25 8 16 21 4 23 7 11 22 23 6 7 8 11 17 25 21 20 10 9 2 22 14 19 12 13 12 22 16 22 
40
23 12 25 20 2 25 17 3 12 2 2 6 22 21 6 11 20 12 3 2 22 10 25 21 23 2 3 2 6 9 13 23 8 3 6 20 10 16 24 11 
40
6 19 1 23 8 13 5 22 10 10 25 9 9 1 17 24 6 10 2 9 1 13 8 25 23 12 21 21 21 9 20 18 9 7 8 22 11 2 4 2 
