68
75245 6979
1390 2688
96949 72667
94187 55547
34455 69944
84432 91713
19658 53347
41293 17186
80927 16286
92516 28762
93198 62747
30387 66073
66058 19738
1670 41375
73074 32813
11453 57375
57664 17569
1693 92413
71723 36519
54153 22142
13332 40910
23350 94271
43941 63949
28676 67504
64942 63160
5269 18607
26284 51768
93101 21080
83449 51907
10720 77146
88806 11825
9906 32267
36204 19516
85777 30962
96788 25199
97064 96143
82922 10498
7637 42904
86549 80065
31941 36976
93987 96434
43055 55206
2554 88216
44298 29483
26323 5983
122 52905
69099 74358
90866 56512
42685 41100
39987 38574
33132 53011
12481 73357
75883 83473
57154 64043
89020 16776
79091 71324
1855 11091
98544 99648
56441 21271
38234 89878
50021 60093
7998 91921
75005 11071
74665 61471
94360 28879
89186 70427
61524 90836
46848 18788
0
