63
69006 9739
31680 33244
91722 251
26537 42502
29507 48580
112 65650
375 3501
72790 46090
15677 12986
8239 72860
8785 75603
96754 40506
61414 47293
47923 1735
63169 59277
36981 35008
34999 97112
10916 29256
61920 68738
56186 44584
56224 47334
5352 8142
40728 5245
69240 42211
89328 94681
2785 76448
78986 20062
34195 7795
38098 47468
80268 45467
40343 50486
44093 57295
22561 38692
13879 32111
24202 65218
42884 22929
49990 19507
85621 68428
81739 41236
56560 33306
30612 98213
14520 93654
6080 90438
53115 37332
13616 97233
31417 75360
18692 51448
84723 52452
29080 30503
2887 41184
862 83315
58991 49229
72617 97686
87420 9818
85502 52064
57536 38402
28045 72856
78268 67240
2240 22224
97337 51241
73459 77633
97265 87619
38326 99345
0
