2951
25033 55207
34625 6009
74220 29863
15706 73960
10539 30516
63403 76032
71473 25500
31824 99821
4413 65095
43998 73009
67518 49119
47248 90961
24093 21766
12735 64242
30822 89795
73662 58812
581 48281
98215 53161
11427 13077
33778 83782
53731 74081
43152 22066
67881 17776
58950 46496
67564 39034
62010 87600
96187 11154
6128 91638
76525 93603
19198 77123
29952 16428
41048 62738
99966 68395
50795 34270
42333 45326
76427 97132
57129 76743
69373 63987
83385 36491
74023 59217
88486 36424
57563 35492
96570 31406
40693 76044
34918 16508
67216 35289
44731 32936
40424 66573
42081 85016
15448 11946
46138 48052
95334 67283
93865 40507
24323 91705
93645 49967
2006 59352
96058 50593
722 86261
94429 35915
80359 21624
22385 59993
62829 87477
79616 27468
69995 17631
12266 56888
19351 19378
11670 60971
19100 20408
98133 45061
31752 96091
55462 79772
16558 58083
78186 89261
75607 18066
23923 38211
31460 17547
69835 6685
14481 27195
1738 72766
5828 66427
5635 97771
83406 30908
88617 8642
96229 186
69080 320
29628 5058
5864 51683
63093 48819
83640 44810
62199 41980
7797 59343
24159 93181
18427 23947
76369 36142
93546 1825
2265 43706
83367 22323
77215 51780
70764 56303
49691 58964
35803 81223
78337 46841
71263 96875
22608 76191
44127 48351
28628 2583
8183 16567
61358 6994
72236 94209
9728 10312
76320 31062
67715 46233
72006 35221
4503 89869
46763 56089
66978 36652
36768 28430
84294 46930
39638 34815
1827 94052
67741 40674
99009 87787
6068 58469
69268 64112
48461 48062
39060 69443
8553 13143
44892 31216
48875 7570
59934 36653
6853 49971
40927 33431
97706 73999
15983 72746
4649 50091
72999 97080
89226 23240
78480 43946
99031 95908
9721 25646
10898 42269
928 40490
56421 63248
65761 50487
85139 1629
65292 3793
89335 18403
6999 16992
83761 73068
89205 56302
59731 89879
26112 35522
79663 23946
41711 45229
87163 28368
21871 57608
64032 72519
78780 53617
31859 38996
8850 5737
34823 69508
10130 30625
36490 15200
31182 6509
39420 19848
43858 11527
2905 684
48158 47696
82491 54067
83374 84605
93936 79189
34535 28038
57813 33193
5447 12862
74473 59978
75629 78353
17083 63927
82092 13482
18999 51661
85033 90192
55765 85530
14547 7485
1488 27896
62425 86313
5161 79000
8160 51309
10066 51883
82981 12629
45663 9515
65580 77082
24996 75970
90143 28158
13409 59678
74237 28666
20874 85038
14292 38061
18177 43494
81053 18674
9834 76834
95823 45758
313 96194
53338 90503
63652 17553
69583 16166
22819 94717
38611 69759
81808 26928
92075 50699
84080 58990
25823 93370
66404 28463
67401 97277
46416 24115
15413 80992
7097 53593
20836 25490
79518 74299
46527 52871
4739 46933
1858 99452
13772 98237
42646 18532
68845 27656
64306 47868
33610 96982
31595 79113
80787 73013
62878 7412
45596 19422
15216 96860
77347 25394
74931 38275
49347 10795
23708 4961
66792 94136
92562 35543
58764 35429
76347 37505
35238 7053
51648 80353
7345 92472
50736 42101
84914 51025
87082 83957
47170 86337
97115 56435
30322 13059
38445 286
48047 1491
83624 86511
54907 61229
80714 19151
62789 64904
23114 9499
98584 78143
67186 93157
79303 45999
20128 29542
81280 11311
57603 28915
6309 86899
21270 2402
64836 32618
87264 86696
12076 81117
30304 95770
49756 36232
34836 83183
64652 12366
38800 81962
24401 89832
48877 90561
48568 21508
80982 34563
54545 160
91437 63089
20884 69494
12695 63314
35714 18271
90922 57134
87272 76713
17650 24568
59895 64972
18472 45175
74839 89470
31247 5799
58931 19889
84738 93864
75403 56984
24071 34264
49894 67839
79600 60583
68568 50587
80575 23424
51289 51669
3117 20575
89498 86168
7580 32082
36627 98137
70160 48327
71978 73808
12543 4012
95208 11220
60284 21588
58659 86591
51968 26756
37711 859
44637 82425
22088 3989
84765 84731
22684 7991
94848 16887
424 7523
83035 56595
48097 26490
81570 13455
71687 4611
90582 78251
77613 31939
146 84334
41941 33313
28335 84917
25255 38864
67465 37805
34765 88182
25041 63525
57894 28707
97359 68649
72804 91079
3307 90235
70754 67218
53324 78303
84319 53607
67889 6597
59715 45986
96238 23563
79042 60329
17479 73578
47069 708
63285 51668
90319 75799
69816 90110
85779 2416
15655 99304
4731 58404
51945 33480
3626 80332
44087 4900
18690 39395
94469 43557
50471 27609
41200 76715
57101 83075
22605 21643
61653 66149
32475 45063
60618 69703
88115 83140
13528 84676
12048 96316
63493 12101
60378 32728
31835 62380
18344 7889
33859 12527
41585 9051
70712 49761
49288 39074
66629 13269
76846 67177
11347 10965
95121 68995
54070 38864
27190 82005
15571 73061
21936 2811
50662 44952
43863 67556
82146 25489
70243 67524
36836 73559
66894 57565
82063 38556
25959 41729
89167 88164
47677 80868
33153 58181
584 43878
62945 45330
16447 16526
4248 2745
470 86320
58408 48676
40298 63404
80204 29175
47589 49936
74002 62643
4148 29881
69835 43384
64863 93983
70384 28087
69273 91190
26101 62598
78476 82586
65550 39531
99668 93
23303 5742
80747 30074
7992 5271
25419 29438
98265 33128
52016 88841
24176 42673
72459 94494
23497 48266
33299 64584
28672 40729
72946 77057
16055 57441
23530 75795
21205 35377
67657 28060
74713 39631
42733 14434
91028 40799
15677 72295
63999 35734
46252 561
10197 41153
98761 46032
71879 49272
19742 11430
98342 34417
97512 32980
37412 92225
75004 9897
94897 86951
13458 24381
34494 26585
12194 57381
38020 51958
66302 26491
64867 43701
35907 32220
82464 9703
96612 43351
81936 6671
91060 7740
57442 53213
66762 37491
59431 85457
74813 4138
17187 49453
59427 57124
1289 98119
5720 27762
98053 98596
82505 90076
27648 35686
99158 5707
87588 32397
16162 12338
39901 17734
91126 34035
77705 46846
17089 49370
66364 15946
67423 19777
23779 68756
98065 16577
39318 5522
11664 49043
32330 77911
25944 44486
89751 78795
25422 68449
44409 58452
4918 49206
5946 42414
18730 53928
19029 75733
40844 92729
23389 57175
20883 39167
91034 46944
61943 70197
98693 19133
4129 30319
8949 38164
33024 8410
18333 9916
34707 76342
36601 73489
89779 91356
57275 31737
31891 80850
52577 28150
28871 11286
40622 29468
51691 47367
88727 85068
69388 75402
1200 57123
12628 72903
58328 69282
77402 33776
2001 91526
75645 48819
48488 48040
31542 50699
33034 69601
51866 76359
33331 77207
12744 22226
2941 14809
62404 61132
24992 61103
88891 41921
85145 13202
23358 32452
84872 93184
62229 31215
10131 32741
44979 93538
51433 78556
13055 58183
58751 86108
56813 63527
75756 25115
64067 80698
81419 75886
64170 41422
15825 67477
96056 49210
91320 22475
22631 56814
98022 59381
42615 19459
77826 242
9918 92480
80008 95732
47098 50602
66495 74192
89983 38429
32995 39530
33944 87171
96359 97078
16815 25124
28915 34783
78025 79094
80789 45082
51927 15
6241 80412
7179 4618
88579 37380
32173 73853
83357 19051
13478 61506
84098 18434
16975 63322
32999 96058
83510 76695
87662 57925
24601 6177
78296 66045
7665 33093
29733 56613
3521 25030
19981 53118
81298 23639
19982 36675
14595 99397
20882 65192
5583 88696
51895 59776
5196 77129
58139 17310
74879 59353
5493 61332
53766 33784
80915 6017
95360 7800
82933 79084
11229 96016
94726 51751
92427 44427
61834 39753
83542 1662
4211 9623
42442 69626
23208 8503
52675 75913
73925 40018
90622 51494
67480 63139
10740 24601
4968 48486
98337 26040
231 36593
82910 67496
62218 71823
21050 35707
43017 36379
99324 66047
3398 20153
43122 47616
43533 80209
58505 77371
33139 3537
30345 66032
43346 28686
71685 5775
99816 59570
39764 1865
79470 88246
89195 96946
43950 97157
6236 28868
32921 26654
75149 81923
78859 83774
42470 97937
18919 26373
72448 2917
47418 39796
50866 55763
48586 17693
6381 42591
77306 95986
9359 87653
76116 20036
82677 71652
87633 42137
91236 56317
32782 14228
57839 47675
15254 43074
999 91700
94536 18356
78295 58851
93984 19464
87776 90061
37317 53459
29274 31423
72062 64365
70353 71381
60052 85372
43317 57722
76586 92997
197 9249
6261 78098
75047 60721
84855 97807
79808 48872
58770 29676
44719 77134
83223 65562
84089 17421
78363 14017
66098 32550
25784 75942
93 14289
47053 39049
24120 61513
12870 27342
75166 50137
17599 14295
53927 81945
63193 93765
7462 93139
76947 99156
12600 64952
50791 60621
77846 74227
94545 55156
14102 45430
46988 80975
39178 87245
41678 27850
24909 27798
7284 52272
47400 52552
4428 58144
52976 93600
95604 78349
70290 40197
18673 62030
67047 1845
9895 63611
77601 26200
79054 55617
70307 12214
50959 10637
8805 4015
20628 76498
54880 89271
70639 18791
89198 22240
78685 1076
10473 80861
21780 55537
53619 53800
83179 29778
75588 68005
27839 40877
63850 58021
23475 50684
55726 96179
76228 49996
63993 38496
42512 16527
85865 64223
97145 45536
90551 68988
42142 83928
72479 27946
78902 60271
64799 45638
53557 81355
52580 21214
49269 40028
38980 50724
81072 25492
49186 34456
63925 10962
28559 11024
95014 83179
65448 42416
30295 76177
5304 10186
60260 84331
12136 66834
28728 77023
99111 97906
67318 77036
30984 29829
86240 72312
54006 63892
20813 43573
66346 28273
36227 73755
23112 15991
38096 82766
72143 19016
97148 57267
10451 24907
78082 29822
71642 30849
45752 40961
15546 28336
39860 96575
21036 24733
90574 51844
82170 25065
21300 1037
23414 68771
11158 99282
10339 90559
24372 77217
31508 65403
9726 72391
33993 55662
4915 62083
6626 31693
15282 57296
22824 53414
19698 53103
25288 79925
87890 21658
3745 53866
63446 31250
44603 54098
61229 63888
62684 10309
29181 5853
69768 11613
82001 51662
94648 39298
22464 49031
18857 10624
70126 51607
12469 52750
12271 30038
75369 41595
63680 52748
15244 63257
41881 36288
68527 88500
95140 14616
57326 90557
53364 96279
67332 61969
86611 6168
6684 44842
45190 20941
2795 87955
79243 4537
78147 70612
26156 52006
40461 68027
63582 50872
30845 86801
40387 63808
72309 11492
29072 65342
59207 13236
46141 78557
52824 92188
37351 75530
59321 47628
59416 92192
57560 49965
22562 44053
6327 25872
59021 70703
28615 24199
87879 20642
31250 27539
54195 65001
74933 21833
34068 86272
75500 21655
30892 8563
51060 91474
29329 20724
76385 20278
42400 42013
10896 41337
52824 68776
55833 17542
85485 82281
85351 13998
87158 58882
63147 20937
39720 60194
35855 32301
20002 53500
53421 52174
26625 81095
79730 81027
36561 37346
68646 58818
74966 96591
90522 85602
97803 45618
94350 77379
42463 36670
53966 18845
842 41829
61167 9810
87496 48237
52885 55874
64704 96084
9397 1882
50035 44020
3379 86411
30611 14159
638 52544
45368 85914
99937 99711
92126 78277
1281 43965
8974 40470
42646 43758
51512 18961
33563 8290
76411 25848
88836 81443
37741 69785
29290 13546
36388 61476
68653 12424
91697 26740
27215 17175
30704 3115
56027 67576
26541 77927
26756 50406
57839 21504
57050 58511
74196 24363
29551 91030
80585 57847
63141 4872
92351 33936
71661 29780
27230 4145
15003 76644
12067 14761
60870 25309
12443 10582
58780 69757
78438 89024
51757 22357
50684 79267
45716 44231
46304 82446
71355 53521
36613 29373
17221 48053
93782 25349
90121 89127
19272 17167
34089 68623
16528 48199
70997 20948
30909 96426
91497 46510
37503 974
39173 50817
46385 57319
12787 92826
4979 85280
1226 5963
12176 64541
87164 58702
79541 20959
45171 19051
5479 91342
41965 24751
70326 30918
81766 48164
69935 18705
95094 72983
25338 67259
46432 29053
18399 80036
51559 6744
43399 2392
53731 45313
11931 65772
80030 82294
51444 93952
80559 63690
8025 6143
69075 60566
28734 75077
13884 56032
82763 63151
47285 79600
53388 25402
25425 85407
2244 65114
70884 52610
27923 70387
60451 25734
88641 55034
58759 74030
98863 70302
53847 88982
22944 76897
79105 89290
5789 90208
23172 18216
36031 66512
21044 36320
45143 60691
41082 9896
83514 59906
65489 50860
74624 31275
43266 52817
72090 1349
77558 14526
41613 24028
47164 89857
5261 67607
54010 6761
24182 62148
32353 25228
12822 30259
15064 86860
23698 38098
20352 72787
7312 14812
24931 40952
69929 14813
786 61876
17223 19487
83437 55161
90410 78686
14927 76362
69749 44020
12281 19197
51920 39484
28013 18497
38120 83702
51150 3672
9784 45480
52029 53783
33903 65625
73103 33815
91784 26923
52998 88471
82983 21475
21470 39446
38827 59306
62320 69552
19108 56409
88384 93848
37458 20031
28991 58500
49476 78523
98814 42086
70342 48698
38265 43385
5187 98776
51017 65749
81592 99297
86437 25752
31794 12449
14411 10471
36973 72139
25928 19304
64997 47260
23404 19546
89175 88874
78297 97276
88425 21528
28624 35544
23981 50852
88001 59021
67360 94782
29975 33530
20036 15210
6073 80590
4928 34844
85660 13990
11795 16403
21834 92552
84736 57887
9717 40559
9985 36013
45385 21683
44634 85572
59176 10692
40189 75238
19071 53878
40128 3385
1023 74360
22484 65611
88477 87417
4959 20308
8211 10095
21853 38958
83744 29585
46691 58069
39740 81155
22028 22353
82824 69591
32574 30081
306 21765
55403 60588
2950 96609
40928 11006
64437 98898
88732 49999
14131 90393
41198 86341
79725 36203
44187 60280
63399 19097
11840 5666
42298 19087
82058 61964
43628 11579
19875 4391
68711 76132
56693 48179
12960 55282
52125 31885
84002 14406
99856 34038
49072 3271
12996 72629
86379 75471
57497 96919
7020 79271
87840 39645
50882 35084
1133 8895
38662 40934
14084 18522
99883 99212
22278 24071
68815 36487
36949 48548
85804 11856
88230 25384
89812 2872
50124 60340
54018 94632
16367 74655
28065 10382
57554 44526
7995 84285
40515 12189
47784 22389
72234 417
80139 99906
43961 8759
85503 57210
2754 33953
73890 88223
55305 51022
42693 14202
84612 54746
27031 61083
45918 79684
89888 92182
62917 90879
84880 46621
38327 50283
36703 21004
70998 86893
2051 72932
68706 42958
37535 87866
21333 10618
1022 39645
26730 12395
84559 56117
22486 6259
37782 83290
39026 62859
43468 92031
52129 10131
48594 12592
69038 52386
92920 82918
49176 80567
89824 10898
87087 71617
65593 23316
43029 66432
93023 98647
37240 42257
4704 30515
39039 73854
42362 94347
12570 22888
86173 76634
49663 23923
67586 91230
2012 8405
362 44010
91478 32994
93388 41256
75429 10915
42137 38279
21752 8866
30098 20232
97015 52637
72513 8986
61860 51898
25234 40739
73818 28103
930 86822
21416 77761
621 82074
15526 82422
78015 49366
64836 95204
12561 33810
49721 13080
55053 93751
89778 51532
78290 24275
49465 1305
53217 59798
32396 21665
50949 22550
17121 16223
96128 72821
63110 54501
24088 83261
3560 98897
20900 59266
90179 97189
26784 65341
43277 88762
50276 572
73966 95389
27007 3917
10085 1141
39389 83374
97406 83246
68084 4826
11016 9283
16908 41852
41483 32039
17843 1230
18365 0
52320 58129
68398 79960
64277 54305
54367 78485
17074 98443
75069 73172
84960 19989
39024 66931
27149 86393
65672 29007
64442 44776
29039 58784
81755 22967
137 10320
5848 2349
73977 18825
31391 53332
42991 95127
17812 71053
84968 75669
30505 22620
21659 45692
31973 27827
93247 63384
36933 23661
47336 41761
94849 8407
37177 59834
89226 38634
39248 34765
36591 2693
15732 42183
23013 6174
161 82410
64356 70425
1783 14521
87409 16795
22523 62042
35941 90524
85971 97290
57289 27247
29452 45127
97426 53666
16405 12550
78517 3482
62660 8749
60586 52094
74563 53066
74270 88154
36685 44127
41422 65466
79152 85384
83626 24047
27446 84414
23071 491
96104 76227
55771 73260
72205 76711
36977 19517
92515 80507
11532 31771
93964 96069
16118 87614
98288 24355
57315 78256
4765 66164
39914 63299
37255 33457
20287 83062
67500 31737
34735 29224
96776 54893
6989 60144
28439 42714
3139 98470
40133 43288
96935 12410
14904 82974
29096 82312
1450 93949
39014 79931
5888 72068
24644 2489
87144 64318
77137 41222
25443 15279
52092 74907
79378 56957
86506 12311
75377 53938
27690 47414
49782 94201
67872 45646
92496 56218
69273 50379
44053 87587
21953 51015
31979 51968
52217 70214
95288 34142
19326 4342
281 39898
46331 55813
86889 78466
30862 15996
15755 11046
18089 97784
15578 17172
75916 1248
25807 61342
74880 66170
5763 55480
12273 3717
19038 69155
4682 67098
90591 60276
48824 96879
87951 99719
25334 23559
38185 23490
57571 26279
97794 88469
90599 99845
44372 8406
36377 67318
12968 44819
84432 76168
50051 6580
11123 54162
77463 94490
51502 11500
34341 66499
30451 52505
8218 66475
14488 30600
21255 1466
68200 91208
41116 64914
44170 18981
40918 24036
23062 68665
55340 43428
62092 27778
54622 14040
15146 88828
45765 85286
93123 6613
31056 30737
35427 4130
13103 26635
25258 89263
72410 71929
27191 51504
16675 14207
12509 906
66172 31465
16822 96226
60955 46317
67891 65481
95180 75510
32175 35951
39616 50294
25438 24692
91199 26090
11799 68756
17023 75706
86553 68338
61621 35341
52108 87902
38413 29491
68870 44117
11042 17076
84228 5576
82781 38011
99259 49286
98447 16616
20365 46805
9555 88139
21440 6045
48624 9061
45479 11928
18852 92284
77315 11453
50764 42214
77938 93418
35516 67180
96877 96727
66664 88811
94804 59277
51956 74149
63065 64436
47259 43761
72822 55233
87787 63104
77910 40143
91979 45501
14049 19394
85864 76218
10868 93667
97772 67149
95525 25060
61086 48709
6645 67711
62329 43076
35417 28293
2107 82378
46277 1962
28079 60618
38410 78197
56030 98679
45130 46376
51118 18630
81465 28343
63798 96367
14560 54889
48761 89260
75128 47852
3908 8562
90139 46236
66895 92628
99579 3398
59986 37096
96131 1059
52197 68378
16434 19208
28553 41072
86987 1500
15661 73538
74363 98006
77627 36325
7997 70572
70414 87413
96587 19607
50578 58759
2660 1276
33597 80893
83439 11318
2396 71028
9481 37029
69576 31624
65943 72255
72218 23392
39237 88672
91770 85960
27781 17160
31986 72769
22306 41762
1074 80902
93698 89262
73417 92320
27703 65530
68566 99676
77851 35641
32600 4495
11192 55821
83561 67243
45848 17268
69067 22013
34451 84179
44248 29729
54738 36452
5147 79367
43230 50364
41938 25681
45126 2604
33036 7094
95957 15222
58059 6390
56086 94418
55628 37497
1077 77006
2125 61335
24729 86679
66186 19132
70649 82319
67139 28738
48815 28270
37949 31959
21228 85184
43203 49148
89893 94717
57519 1296
19810 21451
80006 25594
21146 51900
21182 56544
80766 96957
98156 23782
51495 92178
26150 23056
76036 62932
56538 62546
57515 96251
80990 93973
98839 95737
65906 67789
49549 39609
20536 57067
43849 33553
48251 60318
86797 46812
31374 71772
26153 33606
95676 83798
75081 20681
65533 6517
46163 91830
22610 31475
82934 11262
7802 46364
84904 79110
80927 42221
70900 74150
58202 76786
46640 47759
71908 55028
19184 57839
21849 33423
5212 54487
17769 29894
26327 94055
34127 18351
96563 33478
33542 12143
75765 50145
6199 56609
11566 42483
96469 1369
94221 84002
6084 2146
91538 50208
95524 26873
97833 52927
32344 54545
16600 56597
49890 79926
88899 82690
71980 69161
61934 19159
85923 83101
23245 41623
78635 88068
26196 78994
38597 61391
44786 3035
18852 88765
43018 92636
16547 10416
46518 25860
32364 55044
24917 84732
5844 62347
83350 22694
88532 34606
58410 21521
4861 83676
43460 70056
38028 37573
17744 91782
19394 20463
73127 87802
61544 71072
38045 43002
32472 64782
62429 49123
38350 47368
73658 35342
35764 13892
25885 66292
86423 72748
90965 59035
29262 98914
20363 97302
47046 24222
789 86244
9591 74167
53370 10484
438 36357
23227 24196
63590 15470
55051 74745
95576 41380
28152 67626
2739 70206
48514 36704
53870 69919
11419 64819
40045 84751
50251 48567
76413 74027
21533 34264
67777 54011
58211 95610
53058 35735
86655 17014
58925 95991
82276 94824
99795 69905
74105 5097
24249 26181
20854 40435
99766 85722
75415 20765
23360 26459
46542 80062
17315 20714
24881 81233
81300 28243
80807 31512
62671 81401
66607 97921
16484 93358
17498 5718
32608 75893
24410 32699
37273 27670
48575 86278
25569 44595
58130 51706
42701 12074
51090 9851
57244 96099
95165 32451
58888 2920
65938 48149
32713 78022
41654 97051
64588 29424
26984 84835
98737 43954
9099 41568
19406 92
79221 56872
31816 35410
83190 29739
94956 431
91396 24082
8648 28220
2687 53076
77463 61939
74028 67121
28402 36416
57868 51444
45830 30374
92429 49496
3097 52331
94889 85184
69162 24312
89640 92659
50788 60763
51508 92260
23461 17366
88692 29933
81302 52202
45366 5439
87417 78358
13319 16270
79718 46448
81305 44413
28343 60299
37426 96909
2929 44077
34646 7508
30514 27692
23802 63017
42016 87609
73343 46120
26715 60527
28357 31400
37189 30427
69437 48978
60391 2197
1100 42646
24687 88543
55274 22390
93086 13610
3990 15138
46543 74111
50710 50067
46058 17218
37052 12851
65927 51954
72106 51308
71831 73701
51729 37514
79567 67656
93093 99593
3222 39428
77699 30644
12920 75960
91461 1191
57162 40380
62667 65628
12791 62381
23913 63620
92254 18329
43180 45675
58833 20424
64569 32884
8785 84500
26831 61509
14433 32376
12683 72716
15367 77265
55287 97192
59628 77175
61227 87587
43270 89910
68473 87447
49738 25742
27567 8288
14419 29241
94240 19068
46622 39893
58793 62088
66554 78183
75678 22012
6679 48820
97745 50188
65772 37817
58323 84935
42353 14213
60454 464
80824 64254
46261 90194
23055 89680
9183 94213
7368 76537
56211 37570
7227 64622
82177 88163
60340 41921
60891 97931
59075 94155
34777 47601
774 69092
77567 94700
95457 60714
79776 99258
86973 87007
52140 75942
6929 35431
69982 93087
95176 41422
55954 74891
69968 37350
82232 13339
28105 8672
94331 2382
89934 91222
12097 27529
34345 30592
30860 78098
35517 36173
49163 3293
9460 76208
14911 83230
65034 18900
5500 22599
60575 94938
29818 12440
631 21731
99453 60899
30281 42852
69955 74203
14111 97525
21293 56395
98599 10512
15137 38991
76197 14618
1126 51967
78390 87354
54880 49438
44976 13557
45467 1432
55686 35218
64102 26512
93875 30619
98780 7635
21829 67530
19317 83095
83167 41172
77065 55181
33738 13584
83502 36374
72564 14626
30760 75207
55318 77475
56683 81776
37318 89386
98375 4049
37260 3976
6187 75733
19149 30547
39609 13695
9878 29551
57315 51625
81974 69274
34888 42416
4189 83202
39438 11149
11057 52175
50189 62703
37093 73567
64075 48071
68615 70450
9935 33233
97471 72875
52695 50317
22632 22857
81148 29924
38865 53967
92014 50262
36123 10383
44939 71777
39584 8627
30898 8333
88420 3855
25092 13182
11766 91022
40878 38522
99251 7818
42857 17583
8766 85967
21200 56615
80975 66304
82042 51026
5915 49514
94146 66587
48571 51551
50671 35368
72694 38810
19858 46884
67919 63455
73211 66804
40009 54533
90615 21211
58733 31176
58347 47564
34833 65546
55271 24730
42737 42783
13108 7068
45515 77769
41605 38349
39549 88604
92580 78686
77919 79209
47991 97841
68048 95787
21770 9426
25789 69553
78224 79706
15589 51970
23280 27104
56057 92909
97288 72242
5152 41275
70997 31238
40332 45101
93896 42760
77650 78309
27099 74754
51582 7946
73206 56394
50245 86593
94211 58162
5089 34007
85182 75092
4708 82571
22162 5144
12860 41349
88970 95577
33557 53648
99992 72311
71503 84408
27103 92538
11023 69522
41462 59036
18470 66953
61820 18242
31326 72424
6870 54958
22797 361
4789 33632
97442 73151
68476 21148
89962 7056
52230 30571
96031 71031
76542 20685
92366 43189
96058 2152
77511 28487
58427 6308
78162 14252
65918 85168
57918 44720
81121 49991
42750 97483
53939 67877
22618 18777
25271 8687
97657 98910
34854 77059
67725 71177
4748 59077
79211 5566
73818 29942
50586 23920
94900 51095
71200 27684
30956 19633
83227 54743
15387 97471
71106 93289
66597 63191
65169 49805
75513 58336
59950 76576
51416 25329
53924 70604
90933 95536
47632 92349
13666 14370
94731 2584
18397 84839
39433 19475
24298 73681
22193 77210
38268 60885
18500 36487
90214 46343
41736 15990
19869 34348
77938 97277
45239 82509
49167 13208
36640 19075
35512 31659
88684 16101
56677 47527
60596 75126
83523 91035
58254 25089
62381 95697
6511 88242
96218 6430
25494 72930
63725 4767
63408 75366
44190 6603
80856 34738
60164 35352
19042 72482
55118 5079
3593 72332
10601 83663
52076 98893
88911 39303
14356 67532
95187 36969
18441 49759
32583 72059
70158 15975
9523 18004
5780 92602
97628 25646
57334 89507
66685 18585
98715 24289
15341 82477
37828 9838
3204 86934
21439 91044
49234 5
37969 80126
53934 44132
69175 54554
52085 18498
63936 3343
73830 88509
16024 23566
17520 60852
39693 64817
28735 92538
74639 60806
95073 72740
84306 24328
90393 13139
26063 15279
64651 78726
69191 68723
64630 85258
7034 36730
79268 64030
75855 80693
14650 95774
2988 1922
76777 34460
34779 37309
60449 92625
14434 88236
94916 39879
42962 2427
11078 17064
47873 58723
74462 92734
95585 603
16574 38518
17804 18495
87247 95241
85274 23062
82928 53654
3420 47418
99216 22326
21967 51766
67275 92146
71570 26064
73285 69190
33109 27087
85397 63918
78347 20622
64255 61883
42081 6429
32068 85813
67670 65029
49361 27494
22430 58006
51261 71534
29218 22083
75413 98737
38309 96419
42290 69531
10038 74774
76957 92936
34496 10121
52297 30350
19417 59865
17504 343
99752 96287
21045 73929
83745 34090
47112 35015
60520 54291
90554 2004
91905 72416
85889 53513
77862 50348
67439 22980
38977 14143
48858 14888
46657 57321
6678 39887
37172 5199
40105 61447
32602 20909
54761 56582
16763 36146
1446 62653
34193 51192
31685 70917
19120 22058
16990 44077
71574 57020
27996 217
67310 78114
2894 47819
30147 52943
24360 15976
60490 30320
96750 62846
13258 39424
34057 11543
17444 7556
38914 85078
25762 5194
74509 52715
85883 25323
32053 41565
14355 49809
54240 56783
42701 71053
93284 80180
11302 99072
47016 35502
40087 66685
8544 92334
5106 96958
89676 54184
74981 73743
60435 60257
95314 88581
22952 80016
41362 10496
88974 6809
47106 55757
33237 4010
86710 7049
50819 81997
55121 81484
98728 81444
3348 32170
57372 47440
11853 74544
976 48181
72820 89344
62913 39183
95664 62584
50198 15324
49252 22406
38099 92873
4744 28917
99272 68805
98501 36297
31586 35906
99063 96520
91861 2305
72487 95430
79885 79851
62995 83032
80227 27313
50327 11710
25627 31802
32372 15096
77992 48855
95342 96133
92689 375
31483 43451
82336 6730
15929 74686
53891 25580
66964 50770
44899 56109
32058 49194
74560 60295
9328 20569
490 46994
83826 58013
96558 48310
16970 75100
14062 81217
48908 39288
73375 43423
22288 72046
79910 41937
34342 7465
32387 73774
43994 26993
21567 93498
63008 69687
19608 31899
69485 87010
89626 4071
43663 4929
58650 74909
38179 30943
52132 79270
75312 57617
54113 18781
80383 43395
51988 50885
26386 41708
91749 79870
70245 77891
82428 19739
90820 896
46614 92041
6413 27489
40658 29045
97010 85261
45268 52210
94719 54864
11980 59284
43681 11734
30888 64219
72347 1188
36135 96623
1272 27296
69945 14748
14026 5869
50357 37052
38408 23180
98172 90910
19351 86395
74876 59489
19168 96055
59831 31731
67781 22218
81139 92323
12322 33471
79699 84172
24736 87961
87587 32988
32912 8643
85915 62282
62764 6871
68995 15897
61814 70140
9820 85786
123 90314
13881 92251
55575 62337
77220 38883
20971 17451
27641 47042
6494 57207
34305 51172
23783 94465
51590 7704
75055 76484
39154 79720
4757 28378
68862 15335
68860 98131
55585 59145
96196 63166
53069 83967
97742 23784
70392 18230
94491 75934
17934 6313
33077 10376
19351 33485
17614 59750
65232 30471
6784 32237
74756 53094
38603 72227
91382 16025
98928 44174
98498 46515
44705 28813
89574 80163
70087 26471
86634 3965
10946 57176
43905 21422
93163 41625
98367 7408
24448 16125
25056 30962
27167 23432
34180 70949
74677 91528
9333 95914
86779 19557
24161 3605
94560 40569
98772 49412
22795 31331
25912 67757
36384 48119
55509 28540
83373 68426
66384 22034
2223 4501
85735 36463
88259 87935
18896 39342
24416 39880
21509 92364
47714 46520
35664 36520
36145 42349
20915 1783
9409 77211
73337 25702
38554 53604
8159 49511
64406 69593
30490 71478
19913 46510
75654 84999
9610 43319
19308 82529
80436 14866
42594 76107
6986 21400
1860 39191
36217 13534
43052 56612
60065 93009
11740 33282
70445 83934
95280 24300
30168 52871
24684 39592
27125 88875
95340 34737
61820 66403
26381 12609
99723 51095
26100 31630
14181 64835
93056 15498
70314 6543
79881 14624
42385 11192
73762 86198
75875 20640
13487 32082
94366 56407
99609 85259
30380 35168
93563 54266
54853 12252
59913 79738
67939 48296
6125 69333
46940 2729
31486 19753
33906 44482
11774 91466
12943 38690
40833 43068
16224 76303
9630 73512
63770 53720
84013 90747
12447 27566
39163 12334
32358 47799
14374 55475
43705 18133
59811 83732
42295 30878
63286 61960
37143 81393
68803 32364
62778 95693
98039 74496
16711 50268
11178 91904
34996 59683
18203 63612
61397 5967
18995 72929
47990 13424
19920 23026
29529 60878
92181 66837
2064 85243
48107 12581
25786 52773
37293 7233
23839 88334
84733 7274
13112 10039
74757 59062
20921 86744
81083 19862
84936 12832
17113 14360
5983 3190
54387 98451
89130 28908
1665 15876
55750 39327
40778 15695
36112 68813
63790 39558
19648 26334
9665 50075
64995 33840
33616 55805
9839 82875
56345 60181
5910 67453
51932 83766
45329 83752
96475 84126
98342 3724
36062 44707
9125 42479
60641 3675
26673 57625
24537 75342
54401 56962
16251 32299
79932 91113
15111 75019
47115 17
68355 39693
2168 48416
35890 25921
72864 41366
9073 24707
94596 13134
53947 29644
97226 24233
49194 77514
98367 87258
11623 8770
17215 90968
69635 16921
88865 1663
1736 30258
56830 76852
80325 42936
9856 39914
33612 72681
32926 94875
58728 6575
35367 28914
73931 23647
70755 22464
62360 63576
76508 55074
15648 87993
83758 33844
51961 56633
68184 22068
73939 38500
14322 45454
49318 15170
88737 62447
88986 57482
35380 7545
35834 21524
24292 32686
72664 74067
90850 30185
47615 10218
85498 9518
80137 67329
97611 58544
91216 8395
61272 69573
46172 94131
31195 52300
60343 60892
27280 52360
65953 88909
19909 50224
68034 32219
60376 81817
63492 24589
564 31049
84707 77794
69627 82387
29038 51594
56985 22271
49778 36365
74896 71764
86117 19517
90179 16921
10574 81953
85978 53117
38343 91694
96993 67240
29390 61423
67221 40800
28009 13080
87567 87132
37742 50569
67179 12310
13963 18087
91149 68879
71028 93737
93444 15417
93333 35090
42495 23967
40220 49014
76229 18449
69691 16202
21402 42764
5732 60015
23851 8581
17863 31692
921 9135
73694 91545
30816 95786
94254 80696
1083 81867
84526 78950
14473 52478
8054 5100
7485 49896
47509 35762
82395 34836
6717 43892
50232 14974
8915 90669
89701 93612
23163 82404
50789 66993
9100 97407
88714 80732
64588 39778
78740 85903
11538 85915
44300 32129
83048 12642
24683 56186
78110 23704
18515 77358
71087 32366
46609 40080
12823 78128
4750 68988
79140 10353
80382 19220
78452 28897
48577 91251
50774 17046
96053 95999
63501 55482
38788 98656
28090 16742
1398 67471
43288 3603
90739 80156
58823 25912
81142 95436
71017 33481
49735 27140
81300 3883
31280 28664
35495 718
21831 5279
65657 30758
5527 46053
36468 14940
98611 25028
69087 20734
88286 30568
84569 40323
97088 97875
99822 2831
13235 87207
5695 23894
80757 65202
8569 54703
86179 56467
79375 85162
65928 41540
38444 19669
16466 53406
49459 97362
71652 46611
21535 89214
82792 77384
47234 19628
52783 63106
38584 65271
90244 36580
96972 26525
53796 6051
80729 5131
38906 7092
89425 26926
83167 14548
79574 69999
4951 26973
24193 9012
49392 15711
34045 2024
42690 80254
5275 25894
20461 34058
74877 82590
13267 66271
75379 26900
3943 65110
12792 49912
48059 1071
42900 67486
22650 41343
44276 45949
3168 16047
96100 65776
75389 33188
17742 26461
32215 70129
55971 82285
62464 81099
17821 43331
6585 27217
9033 89477
35539 91039
71336 2320
77055 1084
40758 90316
94915 48114
70963 63246
39311 70523
18390 40617
84388 92543
34999 5112
53720 70596
44171 87070
92089 42581
27879 85925
98039 10683
39582 15682
30630 85454
92054 92572
30878 92679
88207 88490
70920 92263
25892 44565
15 5320
4879 9524
82011 67859
70430 75554
27470 39692
51778 61183
29093 73182
16146 34479
45543 44484
41219 76513
7399 58807
93335 53073
82350 38933
59747 93511
30938 6743
73626 17938
91137 3667
87634 65487
8486 43673
79107 50340
28082 23126
34521 14365
70063 66997
55502 95546
58287 86501
96346 21142
84786 41917
57761 43231
39229 41205
75190 63088
4832 69098
97222 42643
32198 42704
68293 59999
64131 9793
73498 1541
52395 37694
11000 45330
24720 40883
10129 50101
13461 36940
79441 32475
42319 35134
33170 40624
37090 65532
84859 98
88775 40993
12858 86745
69108 51028
1196 71551
33852 93704
81481 49448
3790 22995
95768 20813
46314 36126
47712 72256
43717 49689
63686 26283
93500 37217
36525 20092
35151 600
85025 41739
97062 86045
27177 24085
61080 82237
97906 92094
21021 29626
42034 19849
94930 53561
14720 54385
32276 85999
56699 36563
14917 63949
77332 664
10695 3341
53725 23880
54531 4082
21587 23488
99516 25393
8817 91980
25747 97859
29847 18319
94295 459
94562 71603
35261 78222
69635 69413
95640 6167
61775 28963
7441 65920
27207 97495
91792 82780
34043 12785
86681 28097
50460 10804
15931 5839
23070 1821
86730 31327
36384 85502
16359 56138
37262 80525
10560 6935
50192 52753
80634 15972
83847 57443
35035 13295
79168 29896
25509 57431
41768 57562
89619 17122
44287 40888
68274 5099
64845 33708
3498 29337
81528 75203
42981 98627
70959 38457
5549 79776
70383 45414
82400 44742
2142 64442
37187 76714
28520 66239
59380 57936
92476 31776
84589 27219
92938 66838
39527 22846
30591 70254
68135 24261
15914 66419
88034 39899
67890 31145
39206 82481
24787 18061
15949 43417
68697 14969
53263 3479
46504 54754
7202 47180
67198 92991
80252 47346
85918 29599
45913 91422
68510 81365
85414 9712
28445 35482
70999 8490
75984 87322
59912 33943
51293 94622
79755 32659
78307 18819
21751 1778
51274 53175
66365 3004
19573 53170
83032 98860
35874 75417
75739 15509
3465 82989
23940 38643
94257 44747
3276 33201
82649 17406
41213 81369
58117 93889
28616 57290
20161 62090
41417 23894
19602 43409
47538 8583
39889 24240
70537 69030
34591 65096
95507 31913
59156 16907
53572 70709
53177 57127
88192 9577
64539 35795
42592 1093
82357 5515
98174 94044
46806 82540
35294 84619
45283 10394
91631 56816
59555 25496
80863 96718
84928 51227
6331 89768
81029 34780
73984 1573
18267 76799
683 61812
87884 12837
65959 14048
66495 57043
52377 93319
9338 13626
48801 64117
6354 99574
16223 66137
41714 23362
67110 45260
62258 3516
83992 38731
87566 76340
99370 67446
50418 5053
47769 36559
18077 71787
69064 10472
52660 5703
46365 94341
85174 76290
51060 16555
99628 81927
44289 89584
11911 51666
24715 7512
90025 98552
28124 98323
56178 7087
78250 26201
3698 9816
77756 94013
90523 580
49919 27555
60225 3379
94548 1119
56704 46095
50910 90257
66056 33204
88348 40636
8850 30690
3458 71313
38469 64815
73535 7978
42405 5228
10125 70515
69853 64581
88240 64292
49989 83549
64940 70241
36949 62817
56180 42312
25337 80197
31738 75007
41939 12157
70154 3522
91790 35020
37664 40691
44780 7223
78867 12630
21543 23576
57023 42518
79253 58574
83630 15693
33986 94221
15551 8788
74335 7181
74413 68028
74846 96389
51987 5197
58716 63631
96124 32793
73421 84590
77879 33877
10865 94403
54409 9109
22537 46583
36947 65074
11538 99941
83920 58113
8523 31892
477 70833
14555 77085
85767 41437
8509 40303
90560 70414
6515 20814
23734 84448
80678 6132
56512 42213
48269 58324
40276 93810
86927 22256
6789 93182
17379 65635
5138 3429
54533 87410
1762 58714
60031 74718
39447 82093
3324 58989
41551 86704
6307 90320
17400 82146
81035 70477
26578 18218
71122 24222
66610 77571
3742 61210
13967 55690
69301 34314
30338 45248
64170 91995
18318 33295
90432 3251
83445 5645
59242 79242
72282 43154
89073 24561
66872 23909
49031 44679
98423 59410
2053 42461
48971 38886
18637 66943
41877 16562
77823 13206
59559 74958
41494 28221
77380 68154
47969 39595
77346 10026
41119 13302
75169 33739
42686 20281
51690 23472
26271 21981
48132 85994
48142 13194
98474 64540
19079 63894
15187 26260
87726 26396
18812 80818
27722 36696
44229 14499
12595 54601
30657 12337
700 46927
47694 73301
10636 25505
46720 35693
74427 40550
68333 20384
84955 15163
73763 38630
65078 78926
41883 25215
21570 64865
89911 61371
91160 98769
0
