72
20472 17427
76281 22738
35764 53772
87418 11762
62517 2531
95027 9331
85113 92176
93209 1301
85204 21176
46867 67367
54381 59140
82864 49206
11217 35715
53258 35217
50525 4690
30550 82871
45833 87902
12292 65855
40804 19131
70494 57254
49124 17750
81654 60431
848 42382
80223 84032
12475 95649
18607 64988
59777 77400
95370 92855
6323 7689
10292 60681
67380 80246
88505 19086
97486 81597
92714 64307
96221 40193
69834 43587
36170 24071
10504 81193
94171 54647
23450 57187
199 17528
36619 38635
18475 57947
42907 28321
54336 10975
92950 66334
89262 33626
4978 74915
65044 87582
125 51766
16341 33540
6019 54652
51418 62888
5055 34057
3981 10991
22133 63083
91829 11888
5188 80395
6300 8212
87235 9992
29404 88967
67644 61105
50981 78792
31920 70267
98773 34163
43349 61608
14000 53896
71149 11503
12119 15381
59686 55348
33707 98069
19704 43447
0
