86
93 22
5 81
71 66
23 27
33 23
34 60
35 62
25 2
12 75
73 1
9 71
46 59
75 33
80 96
51 14
50 75
72 51
19 73
47 78
12 31
40 81
60 48
25 10
12 27
86 21
91 96
44 98
73 72
85 62
53 2
63 49
12 50
90 96
67 20
6 10
22 65
96 73
50 85
5 8
92 100
91 8
54 13
93 65
29 22
45 73
87 74
88 19
3 17
55 47
67 86
34 44
43 91
61 96
85 56
5 59
94 79
63 7
97 69
71 93
36 88
96 59
69 78
96 83
10 86
93 0
39 98
23 68
95 52
18 53
27 14
57 91
71 27
29 93
40 32
77 11
77 53
46 61
22 99
9 72
94 0
45 72
15 31
3 42
65 27
24 6
78 52
0
