56
81971 47282
99406 23048
57340 44200
14106 86825
85722 95041
15203 68642
24659 23921
21340 550
54342 9439
75269 6254
46855 56679
31450 11601
74738 22700
66520 72004
40963 42797
42588 47888
87013 66518
88715 25998
42297 13091
26707 61039
25882 50223
71758 21217
78844 18051
94302 45735
31066 6279
49795 31672
37923 72288
30005 1112
75308 80131
50446 22565
18114 11829
80259 2959
45837 33420
15006 98918
7597 10527
33692 95514
11722 16252
47894 34147
37763 31645
92365 77109
97630 34780
10290 94168
35256 40935
53923 29535
44175 35658
32703 15885
98101 79783
11633 40727
36487 99283
77679 30304
3707 30590
99790 21803
11556 53157
14722 66651
13980 19396
66777 91897
0
