71
41961 35030
70866 30473
88376 55239
23533 92862
12384 89123
22024 62784
57894 22550
61175 91261
1494 91018
43552 92365
96261 53089
70420 27021
7682 66395
50303 35151
89557 45649
84503 88520
38965 399
74958 22047
98346 25044
75806 97188
23751 40371
47872 46105
89282 54110
28413 11390
67906 4998
52067 91849
34739 16389
91896 38273
35804 59253
54288 5475
78583 60923
55382 60713
53476 23243
11067 48309
31967 30783
81852 51748
53789 31213
82068 82371
17428 43840
7802 82878
40121 17412
6990 60524
99770 90135
75406 88367
59889 58
68908 84629
55250 55005
99780 29662
16435 95101
49438 56917
18606 89594
34890 66471
606 2750
13355 74997
50842 91613
80538 17138
35051 3476
21013 42261
57228 72560
5758 4375
25494 76980
6067 87505
3929 19492
22450 80877
57299 25530
1758 21209
26292 62987
29028 25696
61809 82654
34192 49065
78406 47512
0
