10

100
-19919 10019 18470 2911 3485 13666 -16750 -17033 6982 15363 -18341 -19267 732 -15350 -4643 -10555 -4351 -5582 14143 11950 -4254 -8755 -5166 -16398 -7267 -6753 9942 16914 -19310 -872 -479 14169 13202 -11159 15904 7238 -1524 8522 -15764 -4831 -8513 -15095 -19502 -2744 -8123 15455 6310 -580 12638 -941 -10115 -19327 -12966 11300 2949 11882 9047 11445 -6740 -15994 -12955 4814 19015 -7732 6527 -5433 -14998 4743 1252 11923 1228 18621 15199 13389 10557 -15053 -16872 1472 -15764 -5902 14794 -8036 -12732 10149 -9647 3937 5808 7225 3828 -10940 6637 694 9884 -17975 15008 14641 13034 -4436 16415 -16238

100
17110 -18903 -18195 -19866 9286 -8356 -12 731 -19334 3196 -3647 15265 5547 12459 -17968 2019 -12120 13116 3058 6009 -4008 -179 11284 -13002 3389 5598 -6025 -14636 17391 5808 -8683 3361 2924 -8033 -6421 -17396 -19704 -9602 -3517 19252 2176 -10962 -10971 18969 -17055 2249 -8988 -11937 -9695 7410 -6764 -5466 -12396 -1588 -14727 -4562 10511 -6590 -7616 8562 7716 11352 4198 -7553 -17542 -16508 14168 1663 12744 9061 9346 14925 -6501 -7050 19692 -11422 644 -17968 -9239 1891 -9202 -19306 19732 -15231 -11924 -10966 16490 3585 -9959 -9787 -4311 13687 17506 14492 -7357 5349 -18586 13689 -3440 6456

100
-11498 7298 -19094 16961 17294 7141 9114 10296 -12449 11602 -9928 2348 -2834 -17083 15996 19575 17097 8839 18751 17779 9161 -8043 -6321 -14886 -17130 17625 10892 14671 12829 -18775 -2623 -12117 18030 -6365 -15076 10796 -10596 -6779 -17382 10554 146 5789 -6088 10507 595 -12323 -17364 -6242 -6156 13557 -19796 -19393 -7793 -4440 -4062 -9876 -16684 7565 5415 3859 -4952 -5903 12486 -7056 -13992 -18929 5997 16331 14867 -8094 -5241 1149 5439 -15900 16756 -18656 17905 -15483 -135 3187 6275 -11730 1290 7709 -4035 -6545 8091 -18589 -1063 -11231 -4830 5212 13659 10653 4688 7121 15149 -17880 -7562 16873

100
-9212 9138 13795 -17161 5217 -8380 8098 -4852 -16043 -18650 5815 18640 9157 14138 8987 -14247 16531 -8428 -18079 -6488 2964 17017 -10422 9387 9496 12026 -15621 12882 12106 -10013 19967 6929 4674 5696 2451 1539 -12806 -16119 2390 18263 8402 -6345 18332 13250 -19991 2812 -7821 -12245 6826 14834 -13962 15779 10367 -651 -2218 -4209 -15268 19573 -4307 -18511 3960 -7193 14751 17696 -7991 -4829 -11489 10545 2634 -8559 5911 3274 -4252 761 7049 4111 10496 8808 14169 -7055 11210 -15868 1047 -3037 15095 13268 2856 15321 -14601 10599 10472 -2396 10215 2277 17930 5118 16276 11218 -16229 -938

100
-4102 -13428 -3487 -12005 -17447 15775 13308 13685 4904 -3559 -1407 9279 -12076 9890 15375 16959 -760 -17852 11891 14647 -18624 -19750 4178 14043 -9771 -13222 -3632 -6747 16872 15922 -7643 -12526 15407 -1058 9833 8847 8486 -19131 -16794 -4739 3371 7836 17302 -17241 -9252 -17645 13127 -15194 -19736 19675 7892 -19342 -2081 15694 10712 -17531 22 12034 10389 10530 -17571 -3340 -7494 12883 10903 -13046 -10912 15161 13074 4234 -18406 17471 7120 16490 16368 -16436 -7919 -8075 18781 -13753 -16242 19874 17172 7544 11377 -83 11360 7808 16165 11077 -18589 13300 17546 18665 -5091 8814 -18770 14566 -8026 9090

100
376 -3110 -18579 -17482 6776 -895 -10754 -15588 -18520 6832 -19151 -8922 19176 -19679 -7802 1192 5289 -17411 18183 5788 14598 1593 -15869 -10151 6700 -231 10097 -19819 -4702 8282 19040 -16554 -18337 9652 -16709 11961 -12754 14811 15322 -7852 -3452 -1957 16911 -3060 -13051 10311 -11721 5859 -5684 -4433 6954 -7890 2446 -6748 9571 -3922 10404 9993 8131 6793 19430 -18753 -4879 13471 -18560 2503 -2633 5584 13580 2053 -10243 14356 -16254 -17929 -3017 -8676 18273 -12293 11010 8917 -6979 -2689 -7042 -3754 -17668 -427 3554 -7562 -15119 18704 -1245 -13883 -12618 -7469 12369 6358 3646 12935 2830 4382

100
11186 11051 -5298 -905 -1047 4581 -12 13713 -12092 -6608 6545 -4391 -5169 8987 17086 6759 9632 -14937 -7704 -8433 -7106 7086 -10086 -7969 -7299 13442 -10352 -16530 6453 6393 -4507 -16666 -7339 6620 12565 -15884 214 -15914 -17597 -19891 14521 -10924 1047 6574 9215 -5109 -17042 3935 -9601 -18809 12980 -14890 -14132 -13473 5220 13142 15060 1922 13653 18662 -8051 -18969 5025 -13644 9671 -2746 19611 -6123 -18458 6600 -5343 6333 19126 18482 1888 -19236 19976 -4392 -11296 -15838 -4108 14989 11976 -2964 16541 1642 -15476 4174 -11671 -19584 -12833 -157 2205 -15823 14749 -7715 -11584 -11373 8083 -10232

100
-3287 18408 583 15141 1749 -1594 6701 3525 -1491 -10113 -15317 -19323 10107 8997 -12922 5656 9093 18523 7627 -6614 -5651 -3888 655 -13672 8057 -5417 17738 -289 -1864 221 14883 10924 19778 -13390 -10845 -6866 6143 -6859 10571 -4206 7670 -3990 1395 -298 17840 12555 2232 4722 6965 -16248 -1125 -825 -5035 3204 5578 17878 13647 18143 19785 -12157 15568 -11712 18661 17266 -7112 -6887 -3468 -3683 9817 -11626 6774 19657 -3986 -354 -9838 3646 -248 -15724 -4573 -2418 -2992 -16404 -13708 -15612 14373 -8078 9119 -12866 -17769 -18268 6939 5832 -17900 -10310 1265 -15766 -15435 -17995 -4871 -17328

100
3784 -7203 1337 -15902 -13276 2316 19120 12161 16305 11955 -9879 -7133 -6580 -10683 12296 18197 -3235 -19141 -10161 14854 11032 19478 -18894 12552 -10450 8767 -7088 -3766 18200 -6049 -3949 -9315 17666 9399 -13200 12083 -3548 -2490 18649 7372 13472 5869 12790 10445 -12383 -8924 -17992 -15433 842 -19273 19481 9610 16116 -988 8327 15288 17392 -12222 13333 -9187 15364 -17700 17586 -15976 5842 -18841 6133 -15158 -16766 3699 -3106 -8179 -15670 -4539 -8649 -14500 -16282 -12372 4087 -8401 -1834 9927 -17702 -339 1927 5960 18364 13024 -19264 -200 -2593 14843 13154 -15513 -6770 -2859 12674 6576 -6866 -12542

100
-7784 16501 2798 -3567 -7925 12595 13212 17770 -4196 -3606 -11848 -515 -3974 -2052 -7231 9998 756 -13973 11465 -1513 -6986 4674 -453 -13728 17303 4886 -6821 -5058 10599 454 -18178 -15214 -2942 -15573 -1772 18099 3237 8396 12781 -2911 821 11793 5864 6193 -7798 -19936 16528 5529 7 -9757 -14569 -1913 17170 -13038 -7153 -6498 15017 -8847 -13259 -11739 10366 -8725 -13677 12055 -5742 -16272 5594 5477 -13618 8882 16732 -3391 14971 -9964 -5085 -17935 18256 -18507 -4462 17525 -3196 -15926 2173 11145 -4279 -11876 13382 8874 16730 18086 -8426 2273 -15897 9745 2454 726 -7792 -7332 12452 6905