10

10
-1178 -7774 17324 -9405 -17218 2012 9229 -8637 3064 12995

10
-10858 15747 -8150 5326 15753 13420 -2872 6813 -15036 -12351

10
-15346 -2924 10906 4773 12313 5630 16014 17195 -14967 -3809

10
-10826 -4553 15091 4948 -5502 13607 -5087 282 -11925 -9937

10
-6805 820 9167 17118 -8890 -10612 5290 14300 -6606 6161

10
-873 15779 -3356 -8337 152 18257 17710 -16397 15475 -11294

10
-9923 -17625 14243 13333 -11754 -12883 3275 8078 4136 -4663

10
-16896 17476 17198 857 -15869 14873 8752 -8452 7975 -9715

10
-16394 -2939 -17143 -18996 18135 7114 10595 15079 -261 13409

10
-11137 17104 3140 -1139 -2553 11998 -4480 115 5850 18256
