562
26639 29940
3186 50973
86142 2276
81376 7769
55765 50598
22003 45056
93084 22293
89198 72440
69616 11058
43823 28949
18796 16162
53810 91837
84706 2652
49669 83576
71508 45409
63355 62041
13681 14101
43793 26370
90435 9620
12920 99592
29326 77621
4852 59421
62413 45865
2325 76238
94589 883
56450 5832
23717 90491
3119 38832
61754 4460
88442 6841
6027 63466
98230 37404
10629 75782
2936 18425
43180 65718
27224 44465
97869 35826
88001 71844
79571 69356
61921 7011
24297 583
4728 19218
96115 85898
82612 64360
97688 21602
37176 73530
23514 63814
74914 17901
14357 92200
38206 25974
60706 75080
98350 2494
19932 58664
59107 37840
90507 62779
97747 97301
93714 3345
81799 38324
8674 77451
23704 54465
41732 79864
65642 63826
35850 34689
34017 69871
83779 36548
59039 60789
23751 51613
34683 95813
67802 9027
9034 76856
64807 5025
21569 79738
79090 29886
47168 8478
46019 98743
42198 17445
50938 48741
68436 35756
69902 45074
12732 500
66572 80168
476 22105
86777 98124
44063 68976
45672 75145
15073 20721
59814 62752
14279 77181
25511 14868
58755 51174
82845 19589
1586 95289
5537 91825
32269 72389
58188 65754
63623 13161
25982 37443
71679 60697
98718 3958
54314 30743
63155 76724
5874 74946
34624 36705
94829 42705
75548 73189
62560 81081
4764 83482
37516 32127
58603 77675
2804 9197
81533 78265
58146 78149
56037 27276
73636 83778
10724 39006
76562 98692
5176 96806
73467 55437
15304 51653
76383 48805
22152 21435
34857 70619
38872 40598
70072 45284
88811 75008
17855 56897
54629 56640
48241 15560
32320 78585
17316 72833
50754 77755
57075 94611
70801 56419
62435 15313
44267 57835
16356 6323
10571 4516
64034 32499
6000 30200
83902 20612
88787 40140
30854 59230
54464 51727
59648 47230
86094 5921
47456 4113
40807 25175
69430 44364
90606 68130
94144 42714
31753 12312
95954 44307
21147 28991
39682 10934
7198 38219
7005 3977
58794 7921
70199 15088
63585 23573
34618 80617
82916 85273
67812 41910
65570 77840
46370 8004
84401 28272
24479 20573
66967 68998
85075 25375
72583 15513
47633 81675
53154 28151
32403 34008
64976 57163
47898 63752
4441 68754
3600 13648
11120 47165
87323 52114
36962 29035
97523 33970
57786 28797
78611 44318
68140 23318
21710 99891
50059 5332
11449 47952
22592 38796
89166 88757
48506 43519
25094 97943
91248 74304
26531 57780
66035 14844
83646 38459
10835 31046
79031 4037
66991 22257
84680 70856
27449 42198
53543 95371
78739 59682
51397 63303
87987 51158
14765 95654
76101 60582
4319 2698
3963 13746
80612 91902
38249 54078
37926 52318
61086 53284
59237 67717
74668 12284
33439 1206
96894 21826
79691 11429
35083 24337
65774 58967
39834 59027
65782 8418
15852 96325
66069 83769
21481 5810
85792 49773
39100 19602
62374 58357
79975 82378
74612 73373
36365 48658
41516 34035
5104 62501
88215 20810
17950 62220
14678 49312
79430 77683
93852 83158
91117 65101
85167 98598
16617 35073
20095 972
3034 46958
15728 80656
96671 18869
62891 1766
88596 47769
27027 87867
2902 44069
57061 92665
85024 47665
43270 24619
79289 9144
1407 95131
48325 16481
64914 50896
63686 65941
26501 41385
30668 26003
62333 81144
60948 19872
72243 28955
49782 95681
58453 72088
82897 96871
60455 68906
17969 22246
46923 55691
33615 58251
37702 18879
12685 44487
68863 26994
63785 47097
99846 16523
91765 62910
22732 46448
43428 81518
98874 29391
22853 20699
7625 86785
67646 5943
32922 510
46943 36095
20738 83843
30012 86262
12426 89865
61619 59101
19429 84710
54056 81688
37930 14343
3259 19079
97389 73489
4188 68337
21422 4536
75674 96089
25589 77416
31150 93391
13468 56513
22238 84930
82982 97147
23355 44944
15548 68359
91994 28930
47056 23747
72340 63304
65903 34403
81327 84489
8769 88821
87915 45448
93540 42811
97238 15949
88231 94446
8013 75739
94472 80095
64869 78603
92257 67740
64555 83762
45772 50896
52752 70578
36935 66852
38252 60048
29573 26123
71655 33767
72461 78093
94292 61847
78185 64086
83178 20022
53297 490
9714 26607
41765 6748
72076 49798
5555 68967
6707 74855
17059 13784
25450 11459
79141 60438
75842 81897
79133 68102
98276 46501
53854 15271
80607 54922
17022 48724
75407 38756
92577 84009
3711 90113
47071 882
8341 93345
66638 8978
39729 12106
84740 88080
33939 17890
2414 57040
53234 57571
92484 63606
92435 86399
43327 71146
70790 49852
66290 71466
80845 67227
89250 88593
30000 49536
37311 3709
89574 39682
98533 99401
47560 78648
2355 36989
12695 10361
63081 68525
45366 12525
70887 83703
22871 22555
10214 90350
63878 23319
13591 4230
19487 23406
72053 26479
17537 89729
1336 60434
78448 96028
53329 72932
77211 36111
69477 13825
62990 14686
9445 67469
70171 99078
78389 59786
14285 1485
28209 50884
34232 55851
7976 9864
85209 99132
54212 80552
43094 22498
32838 3158
58152 84353
94020 95443
92519 44726
57355 74245
54238 17255
98893 86819
60192 87187
94887 54124
5054 82322
72162 20423
98282 6184
59097 79689
5006 4608
63951 53991
15389 77854
27317 67090
57280 46781
51104 68822
24798 83615
10610 43567
60029 21957
74436 72275
28704 43196
8313 75317
63426 44067
6743 37362
60104 10585
76762 26526
46481 34376
5006 15345
97040 3494
93646 93044
61329 94792
73921 72271
94205 2617
55985 21609
31145 43971
42205 17387
53323 57184
85723 11029
71306 84198
26102 84159
28718 80630
9911 23481
55923 90174
10660 71750
83725 98174
5532 53975
77241 73905
71635 70668
22919 35449
6475 82293
83072 32408
48771 23423
99186 83408
85480 76199
83892 85122
65905 49235
30895 93700
35250 98418
50506 53105
35587 37008
94989 36002
19472 8366
4965 97048
62843 24619
49554 51196
85198 72871
47111 73680
5342 28942
48689 10354
99964 72495
74198 48745
96119 44787
34275 52934
14483 74747
78751 32374
10193 49239
82701 49741
50570 49284
91891 31198
774 75158
82193 84563
98102 63258
38407 33907
57980 40787
43320 13292
66925 69913
39135 33527
79265 36209
22462 21772
41542 54393
39798 74418
48932 46325
30293 66720
67139 60916
97044 72941
19436 36570
71247 85875
51659 21947
11238 67750
99880 87125
99276 65939
96727 65678
91506 42675
62156 21578
43084 68647
20815 65708
47559 13065
55285 30544
15958 20443
38604 5868
51639 68131
17082 50026
69738 52614
11330 36404
58555 42799
69091 93781
71073 34268
88982 47163
30376 98191
83906 1787
3770 77430
61077 91468
24330 17389
4408 34767
22332 19942
55103 27737
49597 8439
96433 1769
74682 63386
23368 52663
84615 47189
11379 6456
38227 34959
40093 11615
21686 93348
53417 73825
36701 72416
93569 25963
15687 44405
66174 43039
5776 4918
59144 89912
19413 11603
61254 89523
48077 53128
9950 95881
59911 54811
63262 88523
80772 19397
6424 24654
91244 74104
32228 91216
10607 1691
28272 1937
45203 65578
98735 79778
34751 58560
84942 91051
19713 896
94997 87348
31122 77994
54074 94795
5200 63479
40696 25663
77293 45527
59698 38396
11081 20146
94621 88289
0
