85
7591 21273
58181 81756
98217 35480
52445 72260
23959 29861
81053 93985
67169 96669
31170 64329
83265 80102
87879 85182
24503 5681
99350 54115
8363 25446
51472 1867
3422 77267
99300 17307
32354 12086
5441 21636
30469 65605
1194 88969
20073 48830
65475 76792
29386 95016
33379 57588
72317 6008
89645 25986
3029 34997
99947 84513
14520 44046
85026 46689
42901 76313
29678 10203
6706 34375
24980 68467
81785 52434
81788 97200
19839 11631
80377 19701
3946 26935
34087 52809
67463 22458
91443 64920
44687 32363
34648 16640
48805 547
12768 72595
64799 89845
55215 91580
60599 34571
79125 18135
62199 74824
92352 61078
37381 26539
38169 94348
99117 25918
26103 7738
14673 54335
61604 29205
68340 69058
70067 44437
30079 12901
60284 55432
62535 53044
26351 90360
30333 98237
28214 80008
75482 9165
14339 25318
97383 72857
73055 32899
87092 37274
90967 31024
50721 67464
76447 39259
1626 48055
41258 31855
30116 1024
42389 13905
40005 38427
79111 19977
32845 26109
22978 23471
89139 54341
16689 84571
56437 75644
0
