49
74840 43227
7486 96894
96037 69280
57381 71881
57808 98124
9128 35988
98567 67646
50397 6406
59840 45697
91015 99873
47165 59639
56369 96242
63605 30555
93155 41632
57306 62272
69470 22684
81837 82278
25084 81488
10137 93780
61226 13010
80305 20588
27714 14229
51314 97861
47062 15498
11486 76970
45440 32564
39566 95740
610 36692
46610 49867
47767 16572
38825 49203
40226 43338
80693 49281
66769 97352
84220 79998
96514 4561
20055 30140
84730 12543
96542 41988
4065 84461
71630 62802
41860 17390
29732 53668
24699 20186
93908 98128
22428 78002
62073 94980
24047 4943
58525 87389
0
