71
63448 43445
32248 63432
53990 87813
79942 55063
71336 80530
48241 24349
85015 69495
94445 34871
82467 50599
61645 59434
98024 30852
67585 63218
82026 56275
64706 7929
64734 21185
10816 50791
67519 25432
22975 51579
13224 54123
74169 30045
91675 44359
82982 75214
56261 56239
80615 57725
34595 90246
55199 44615
21311 17159
84748 333
2306 31524
68473 36704
72635 40141
818 46550
26409 10527
11915 61600
95372 98911
45240 26411
24281 26860
82816 19975
35609 39906
22726 13782
91783 12415
28713 25002
39324 15329
22557 8016
28928 40449
28242 60142
3764 58545
56311 71148
41720 28680
96647 94934
64507 49946
74101 49050
76344 66917
11234 85973
18444 23634
85135 7830
6877 59655
9391 84897
58120 96330
79292 15127
76104 78116
54053 89919
18035 10402
20991 19571
9058 53195
45815 56932
35912 66341
22763 85585
44101 61480
26998 81039
37685 47939
0
