89
74 51
63 59
33 40
72 31
48 12
88 89
15 91
64 6
73 35
30 23
34 52
46 69
74 85
27 21
54 76
80 33
72 60
100 82
31 69
83 94
51 100
31 56
14 79
19 20
93 84
69 20
84 47
64 21
59 72
69 46
4 71
37 27
37 68
11 67
18 82
6 76
42 47
86 93
20 26
92 27
87 97
21 31
76 5
67 11
85 15
3 33
4 77
37 93
56 55
1 97
19 3
3 14
25 49
22 0
57 67
72 65
68 53
76 89
15 34
15 46
87 84
98 75
67 2
55 96
66 64
59 71
27 15
24 88
55 8
41 23
67 40
100 63
64 4
55 55
98 86
26 12
14 27
39 61
89 27
28 69
66 93
95 18
23 89
10 76
26 10
79 13
92 90
20 98
41 0
0
