95
27 42
93 4
73 88
94 48
33 22
98 14
31 88
71 80
52 0
28 63
43 25
63 100
14 35
26 37
61 30
72 52
44 52
54 50
10 38
56 66
45 18
54 52
29 76
90 18
37 50
85 78
23 40
22 22
77 23
90 81
61 52
3 15
62 17
26 65
52 1
48 49
83 55
45 17
99 12
100 35
56 42
23 24
34 80
29 93
68 71
35 96
52 73
44 71
94 49
78 59
66 4
20 93
30 94
9 99
88 93
49 47
5 86
89 12
83 30
100 14
20 0
10 55
92 85
50 76
67 42
80 82
74 86
35 88
100 58
2 97
4 93
28 18
74 95
74 91
23 19
96 82
0 4
47 48
61 67
96 78
48 35
48 52
13 99
71 19
98 96
85 4
22 12
34 61
18 55
36 73
62 88
38 33
64 11
74 20
33 42
0
